00122
00242
00315
00501
00532
00544
00580
00674
00793
00798
00908
00926
00928
00929
00941
01208
01366
01632
01730
01746
01757
10000
10003
10005
10007
10011
10012
10022
10023
10024
10025
10026
10027
10031
10033
10036
10037
10042
10043
10044
10045
10047
10048
10049
10052
10053
10054
10058
10061
10069
10072
10074
10076
10081
10083
10088
10096
10097
10099
10105
10108
10109
10112
10113
10117
10123
10124
10129
10130
10131
10132
10134
10135
10136
10139
10144
10147
10148
10150
10151
10153
10155
10157
10158
10159
10164
10165
10169
10171
10175
10177
10178
10179
10181
10183
10184
10186
10187
10198
10199
10201
10202
10207
10210
10212
10213
10214
10216
10217
10219
10228
10230
10231
10232
10234
10240
10241
10243
10245
10246
10247
10248
10250
10251
10255
10259
10261
10262
10265
10269
10271
10273
10276
10277
10278
10280
10285
10288
10303
10304
10306
10307
10308
10312
10313
10316
10317
10320
10328
10329
10331
10332
10335
10337
10342
10349
10351
10353
10354
10356
10369
10373
10394
10397
10400
10401
10429
10433
10439
10465
10468
10478
10482
10496
10502
10515
10520
10539
10541
10555
10574
10600
10606
10626
10637
10664
10672
10679
10701
10702
10710
10721
10724
10739
10791
10793
10801
10802
10810
10819
10821
10856
10859
10891
10898
10905
10911
10912
10917
10918
10927
10934
10954
10963
10968
10986
11002
11004
11006
11011
11015
11018
11020
11021
11022
11024
11026
11027
11029
11030
11031
11033
11035
11036
11038
11045
11047
11048
11049
11052
11053
11055
11060
11064
11066
11069
11072
11077
11080
11084
11088
11092
11095
11151
11166
11200
11212
11218
11228
11258
11310
11311
11314
11319
11327
11330
11336
11346
11347
11351
11352
11353
11354
11367
11368
11377
11407
11410
11414
11420
11450
11463
11466
11481
11487
11488
11490
11495
11503
11513
11516
11517
11523
11534
11584
11585
11603
11631
11632
11633
11635
11654
11655
11658
11690
11691
11726
11732
11733
11747
11748
11782
11792
11838
11841
11908
11987
12034
12208
12293
12296
12319
12335
12376
12385
12390
12507
12544
12546
12582
12621
12627
12654
12875