00100
00105
00118
00136
00141
00145
00256
00263
00264
00272
00299
00305
00382
00386
00389
00401
00409
00455
00458
00476
00482
00490
00494
00496
00499
00573
00579
00591
00630
00706
00725
00737
00763
00865
00913
00948
01225
01237
01260
01339
01368
01585
01587
10008
10018
10019
10035
10038
10041
10050
10055
10056
10057
10062
10071
10079
10082
10093
10101
10107
10126
10156
10170
10188
10189
10190
10191
10209
10215
10221
10222
10226
10235
10242
10257
10258
10260
10268
10279
10281
10282
10300
10310
10323
10324
10340
10346
10370
10393
10409
10415
10420
10424
10443
10469
10473
10474
10487
10499
10550
10573
10585
10591
10633
10642
10678
10696
10699
10703
10714
10783
10789
10812
10813
10879
10903
10908
10919
10921
10922
10925
10929
10931
10935
10942
10945
10970
10978
10994
11000
11001
11005
11034
11042
11044
11054
11058
11059
11063
11150
11172
11185
11192
11204
11219
11233
11309
11313
11321
11332
11342
11343
11345
11349
11364
11387
11388
11389
11428
11455
11461
11470
11479
11482
11483
11494
11498
11541
11547
11597
11608
11621
11634
11636
11639
11650
11660
11661
11677
11678
11689
11713
11716
11727
11728
11734
11743
11764
11777
11824
11827
11830
11854
11875
11900
11909
11917
11933
11934
11936
11942
11945
11946
11965
11984
11988
12015
12019
12136
12149
12195
12289
12372
12403
12405
12416
12439
12468
12478
12503
12578
12602
12611
12626
12640
12650
12820
12908
12959
12970
13055
13171
13185
13190
