10000
437
831
997
996
690
878
742
84
990
801
777
696
597
35
60
324
702
662
129
34
606
583
610
575
395
825
497
102
272
225
714
708
407
62
55
96
940
797
532
929
597
308
976
545
694
36
868
396
697
348
429
654
930
390
580
324
566
76
778
837
653
843
896
411
905
951
859
844
99
390
124
47
49
99
591
743
134
810
490
182
157
270
836
438
12
767
761
577
195
890
766
199
733
661
609
989
963
467
184
61
856
307
107
257
405
49
351
891
858
840
72
366
461
259
803
472
26
916
401
220
805
166
418
889
178
26
877
141
845
60
553
52
366
12
308
123
60
658
13
918
849
84
283
310
343
438
133
720
353
533
939
157
50
708
398
228
85
274
720
929
686
272
333
403
283
640
877
695
650
889
612
498
325
246
159
19
683
292
738
387
176
28
544
226
735
293
453
171
918
172
452
603
795
784
358
78
423
234
772
72
123
735
922
799
332
80
817
367
723
554
753
899
581
648
476
667
940
928
189
858
451
640
812
245
423
169
674
198
755
797
621
229
883
542
27
215
974
843
933
696
748
685
946
680
685
421
346
624
700
886
833
150
526
997
747
948
517
772
497
271
569
118
499
451
11
525
17
984
719
949
32
466
634
329
145
670
750
842
293
801
728
478
303
253
826
401
552
342
172
49
613
740
518
111
543
528
988
559
864
706
508
247
172
493
575
668
162
676
510
806
477
589
635
779
841
460
179
744
802
350
144
414
442
661
876
336
541
215
894
404
921
753
650
444
597
576
463
110
252
324
916
728
912
902
858
104
362
36
848
515
737
991
280
530
4
155
865
544
722
111
299
994
215
300
437
812
875
251
921
126
575
188
205
486
90
62
590
803
449
789
317
186
779
596
67
134
102
284
29
175
394
327
168
960
978
956
771
853
207
44
330
781
583
535
266
672
596
207
826
45
995
494
582
774
441
1000
259
543
283
288
69
28
966
237
988
944
192
110
148
398
153
829
178
736
363
796
759
311
2
937
355
997
430
288
122
871
287
380
765
922
19
833
949
985
69
288
280
261
398
779
10
902
607
540
989
322
335
100
632
336
36
338
684
465
625
805
687
263
537
451
184
907
636
133
243
704
420
874
316
169
652
678
71
611
217
411
284
551
510
915
238
545
604
274
362
228
430
48
842
318
851
26
225
486
510
467
541
281
341
209
450
344
886
872
306
454
282
589
356
792
855
593
688
458
218
49
685
648
449
527
965
651
904
189
488
413
8
28
693
348
588
142
691
473
365
349
926
647
937
281
790
792
226
477
249
443
878
286
442
678
164
407
328
67
947
815
479
954
842
523
653
430
17
696
254
381
44
532
27
980
164
816
771
389
645
372
184
522
657
977
199
820
383
526
886
682
692
716
987
885
238
640
314
254
335
920
987
378
451
365
357
966
181
480
707
825
851
890
698
507
218
896
678
953
773
915
634
464
630
620
348
219
259
14
825
593
285
811
970
87
527
679
52
707
158
758
883
8
999
932
866
217
827
895
169
951
809
154
766
790
773
114
8
384
479
184
976
763
346
298
849
873
328
900
931
485
10
166
844
8
97
61
576
276
955
744
226
763
897
992
904
22
457
911
405
935
447
732
697
144
381
897
16
708
148
299
544
157
464
739
517
560
799
92
835
105
188
61
219
436
404
122
457
860
385
213
794
183
945
842
326
325
738
342
385
885
640
928
394
455
19
910
14
169
1
201
274
188
261
844
976
16
318
432
875
702
645
668
884
941
861
561
617
598
254
1
834
245
281
227
699
299
136
713
819
489
913
444
28
525
288
3
540
957
435
766
658
431
433
893
371
645
453
339
242
59
340
427
303
972
654
2
622
141
66
440
629
978
884
657
854
523
11
745
479
797
510
488
227
294
732
949
938
536
640
531
594
979
957
897
302
962
898
923
103
963
714
83
292
949
91
497
823
102
241
653
898
750
140
477
43
223
777
332
759
416
862
704
746
818
600
47
780
849
321
234
811
387
316
454
335
407
950
510
508
542
162
757
291
654
233
685
876
10
16
986
425
229
690
171
47
289
569
178
490
890
411
652
628
726
106
314
484
407
823
991
949
337
748
591
990
332
628
217
341
995
203
118
224
244
640
622
884
208
151
373
449
561
25
76
638
482
390
122
888
564
464
188
900
563
779
889
895
406
458
235
752
660
352
975
255
343
596
138
551
746
863
351
658
887
427
648
368
168
121
607
731
584
795
631
147
925
871
41
682
328
627
433
339
331
408
945
673
355
83
575
453
945
926
462
183
704
109
902
871
581
508
953
165
654
935
663
578
806
55
259
485
33
692
176
363
451
120
388
805
554
962
609
850
239
71
32
942
531
285
812
112
793
117
628
798
51
642
376
208
696
986
693
80
677
220
443
479
339
182
284
245
495
244
94
734
314
478
675
197
114
839
308
906
955
287
56
5
928
431
213
975
416
257
54
445
476
848
923
166
29
558
762
524
802
208
609
467
37
283
663
150
473
322
408
427
960
463
784
887
245
348
213
12
956
267
456
783
466
731
300
847
640
62
370
793
269
978
260
305
612
274
454
85
948
861
863
907
675
998
146
919
697
358
931
652
976
738
786
794
468
86
640
460
147
361
252
415
690
863
71
301
137
876
737
436
89
600
694
763
949
839
682
646
549
612
649
876
349
435
669
169
520
660
980
18
20
231
432
709
94
854
10
582
729
98
369
817
697
62
932
998
253
613
995
801
576
643
28
276
429
49
796
948
708
775
965
728
6
748
436
451
953
797
384
34
895
752
202
943
813
133
940
65
745
934
217
320
929
245
948
357
293
743
305
1000
518
621
79
875
721
515
325
673
311
708
706
205
811
908
500
623
40
439
688
137
725
256
808
653
500
755
9
144
850
665
496
367
286
574
241
358
440
917
30
103
976
88
659
786
347
158
760
738
597
447
874
321
703
34
973
554
140
333
698
989
998
545
355
635
470
947
992
910
215
373
12
542
812
670
327
158
180
87
896
776
885
121
448
939
154
772
493
294
456
542
634
453
438
341
439
907
287
782
168
854
155
179
395
966
201
74
124
380
512
371
507
396
491
306
687
997
77
531
642
532
424
275
337
861
615
775
119
254
557
287
107
63
465
853
380
17
926
855
748
437
225
254
185
68
911
223
64
339
753
57
223
176
331
559
388
298
685
506
551
593
792
9
7
609
861
387
977
139
241
725
927
818
330
463
885
241
685
300
579
437
356
801
964
38
711
351
687
396
857
589
340
1000
597
347
960
810
733
937
300
325
661
226
494
342
689
730
582
725
29
513
162
736
665
125
126
376
828
812
123
36
401
462
35
349
160
995
510
244
283
809
569
295
387
414
636
427
144
570
151
172
82
664
260
98
789
737
473
968
900
595
3
652
409
389
1
568
735
862
812
17
671
732
311
409
145
299
835
288
868
337
812
301
1
423
398
789
159
871
108
58
817
110
710
577
498
62
145
233
923
308
249
945
39
912
353
535
210
539
823
77
876
986
729
876
408
126
16
566
348
123
975
165
584
36
93
81
97
237
665
372
544
914
316
934
177
21
469
386
911
643
814
786
628
542
13
35
19
380
952
367
854
278
883
437
314
975
518
762
212
182
133
107
447
801
393
623
173
861
360
83
855
173
221
482
66
585
868
85
965
171
451
818
448
685
255
113
659
124
875
222
657
359
329
104
511
73
78
683
285
438
118
139
962
338
972
380
922
839
816
238
9
266
56
808
950
662
921
960
785
147
182
441
505
862
896
16
934
974
50
570
763
167
708
724
504
679
455
778
869
270
15
877
887
70
36
188
83
956
148
867
102
329
308
959
542
203
326
475
528
375
44
290
542
103
366
397
133
820
174
1
90
541
229
976
962
264
164
45
572
663
911
25
343
570
983
884
125
660
358
652
35
753
942
928
207
659
324
339
478
850
339
919
390
919
247
703
182
762
747
105
424
658
130
766
579
464
649
703
124
358
707
510
110
648
437
316
658
112
6
135
313
344
406
54
614
652
757
795
413
503
252
836
512
381
601
91
844
601
793
319
958
499
828
419
498
616
734
155
80
91
642
392
434
47
798
47
698
554
193
462
408
444
297
920
176
249
10
372
849
154
690
806
5
870
576
502
837
661
9
916
751
2
660
184
48
809
582
97
714
126
558
121
922
206
40
97
454
401
820
654
907
862
811
911
731
386
764
919
46
772
187
796
125
198
331
524
6
264
620
719
741
529
839
662
86
231
111
891
983
930
544
889
791
706
151
873
91
915
144
488
38
330
635
163
527
965
686
532
580
658
602
321
538
792
334
624
374
444
514
357
726
410
597
868
115
748
93
206
14
236
45
51
917
680
213
443
996
251
326
576
908
279
248
445
70
933
420
444
729
286
152
454
695
748
673
809
847
765
366
860
352
763
911
268
442
475
62
437
725
387
364
984
665
963
781
87
896
200
882
624
485
33
429
531
132
101
692
979
218
57
190
921
819
452
189
612
927
250
401
3
989
764
987
5
727
767
443
974
318
324
597
803
356
377
685
488
829
376
818
46
433
359
319
603
811
507
567
89
108
967
91
448
82
429
805
160
547
247
133
865
571
81
19
278
457
703
117
286
79
286
683
863
645
353
817
455
859
383
895
319
701
337
118
783
766
922
942
312
521
75
528
443
507
546
72
964
249
189
601
327
474
635
541
470
988
357
276
198
740
170
868
792
507
986
574
624
259
516
935
131
942
463
573
448
360
645
763
608
185
715
286
10
702
826
480
41
535
755
590
626
277
458
417
783
795
991
406
405
858
692
536
799
506
460
598
218
456
713
825
640
427
463
650
480
640
481
520
174
587
462
799
863
919
216
997
65
206
402
469
415
446
356
213
303
816
162
520
271
874
697
263
653
159
264
132
798
96
4
324
682
465
122
545
735
337
541
799
894
295
619
308
92
975
872
394
790
34
266
412
259
962
26
911
472
289
43
621
736
46
944
418
510
66
962
244
754
502
394
1000
148
12
307
239
986
531
985
127
916
250
891
174
563
916
85
386
557
127
6
292
524
302
709
385
719
22
980
472
876
373
471
23
384
130
614
722
12
598
848
927
199
90
100
113
6
536
498
914
14
855
205
537
508
266
273
226
287
252
50
514
624
520
537
360
1
502
81
12
99
280
938
649
370
390
761
727
925
610
640
939
816
196
827
324
461
100
901
100
351
950
613
327
822
501
38
822
2
118
834
452
749
123
100
470
864
212
196
789
173
187
79
989
383
257
664
195
356
916
294
59
866
907
737
687
759
774
860
761
243
45
212
991
168
312
813
31
875
360
171
48
547
601
388
929
858
403
123
565
318
769
623
535
27
359
573
785
132
433
545
374
829
109
717
996
420
529
379
646
888
901
693
786
854
432
66
711
834
189
275
504
309
898
38
335
608
963
119
92
747
16
817
575
124
533
923
895
413
653
540
653
553
585
438
406
16
504
468
202
44
743
57
704
992
446
38
951
408
508
42
154
875
859
729
998
743
651
244
156
303
784
160
207
720
949
965
87
804
432
288
847
526
696
550
517
142
939
820
549
799
861
703
673
719
783
671
462
785
914
969
87
49
128
645
768
76
609
855
880
393
494
78
918
190
980
787
331
270
606
231
68
818
285
741
889
67
763
702
851
28
670
289
77
149
286
196
576
246
50
807
638
896
237
908
437
568
46
119
837
3
349
257
820
634
349
60
52
111
761
255
138
782
895
214
930
180
410
858
426
811
16
415
58
252
322
846
171
367
964
8
721
313
616
893
298
964
952
701
74
713
955
211
494
202
777
776
381
538
985
158
700
1000
573
110
604
246
955
774
965
919
133
685
583
748
577
232
711
529
932
136
593
239
699
438
792
827
213
172
364
549
682
415
901
254
876
504
851
831
629
815
101
762
500
683
861
428
266
572
308
549
707
900
139
757
338
930
583
902
454
298
451
135
713
351
740
940
206
590
770
834
757
870
947
608
904
808
35
169
731
343
70
789
242
208
546
931
138
128
833
591
426
635
77
490
985
816
429
542
757
551
727
513
772
674
120
676
833
507
196
563
849
265
351
442
473
896
373
962
376
557
552
153
191
628
642
527
795
422
68
551
324
146
64
96
819
535
123
651
41
318
213
241
935
916
683
759
811
407
720
186
963
623
690
505
250
331
31
396
105
450
946
428
595
361
875
766
896
997
768
288
667
333
529
601
248
563
359
410
969
430
596
283
52
285
787
301
968
817
48
424
266
993
203
212
706
430
977
953
426
745
240
92
429
768
44
676
682
754
85
650
183
32
284
234
669
70
886
988
238
933
411
855
278
965
67
983
394
395
935
172
491
526
615
919
646
659
594
327
764
31
329
947
62
612
532
730
34
770
69
271
54
479
126
331
796
544
665
541
938
951
712
781
477
327
699
122
337
645
448
100
675
128
398
88
740
282
170
773
51
238
43
104
69
520
435
864
63
451
756
353
402
468
133
878
146
183
999
482
827
798
933
853
278
683
941
17
964
110
141
14
699
535
469
767
55
255
982
469
706
738
173
107
205
305
336
702
840
686
183
18
483
467
871
112
149
163
128
464
624
620
477
322
155
298
441
561
552
422
381
257
159
554
715
363
210
50
64
401
735
598
419
570
417
641
681
917
803
161
381
778
780
209
451
286
506
891
198
58
313
579
666
471
484
381
186
45
430
601
446
165
551
216
734
967
856
414
883
10
574
615
787
706
824
237
991
681
128
189
738
440
119
404
262
954
136
447
350
565
48
795
729
598
362
462
916
217
228
150
226
153
765
364
858
940
601
201
620
80
741
710
871
211
465
132
164
600
931
513
164
330
660
245
279
21
58
194
590
637
343
167
790
459
531
999
750
483
199
722
914
939
783
784
149
247
267
664
198
197
177
713
526
188
957
804
560
367
349
501
3
44
668
792
502
550
791
604
32
341
325
297
632
107
80
132
705
346
796
902
895
324
614
420
511
923
576
422
641
924
923
643
967
590
787
821
491
929
424
874
269
748
170
252
206
249
384
910
946
179
811
840
502
776
612
364
50
187
137
690
462
59
333
429
1000
471
249
490
399
672
363
19
771
532
271
976
132
654
885
430
184
47
269
685
822
232
400
224
770
536
913
232
947
597
660
946
67
260
788
817
283
150
836
53
34
458
380
165
111
616
946
294
662
567
330
835
798
81
58
568
968
323
799
914
271
810
212
338
69
999
506
351
500
693
755
533
150
134
50
612
749
995
257
410
561
938
596
711
18
654
278
338
976
428
603
598
237
814
287
305
812
793
655
312
485
409
196
987
894
245
950
642
592
207
403
152
496
998
862
866
651
491
203
978
918
805
576
154
619
862
458
782
6
464
445
843
224
641
181
117
237
130
758
828
688
160
980
184
510
193
49
512
684
603
490
601
407
417
755
377
630
564
511
988
28
955
830
251
947
10
368
184
491
477
11
179
989
342
362
498
535
762
9
218
364
850
170
122
618
276
851
248
840
361
587
867
667
416
469
614
777
188
797
267
665
159
797
653
501
510
502
35
271
510
604
986
360
773
108
977
49
958
576
240
670
162
458
336
929
926
949
57
466
97
676
130
256
472
134
108
982
635
142
604
144
97
590
855
869
49
184
269
6
759
860
675
273
317
362
201
595
663
258
60
111
933
541
718
404
674
825
737
660
966
341
155
62
930
10
283
330
193
903
335
303
763
361
575
79
74
776
673
736
385
84
847
317
624
564
72
297
389
161
308
706
501
463
120
782
472
754
111
16
656
797
318
770
509
893
201
582
20
225
670
404
309
516
72
932
431
495
581
171
655
888
229
507
350
700
640
173
453
102
188
460
250
858
230
758
102
782
692
121
6
361
876
314
228
299
246
10
145
178
181
152
65
761
658
415
460
650
587
264
103
127
723
353
984
304
462
437
85
153
557
443
865
784
756
92
434
353
102
578
530
634
729
595
394
739
361
205
740
299
468
842
777
542
546
112
198
8
548
282
512
456
76
377
239
832
468
24
536
921
602
66
906
682
12
651
420
724
855
159
22
674
1
151
216
898
262
413
905
810
46
417
265
122
145
856
305
964
879
840
885
832
257
142
514
268
793
933
343
647
444
717
321
444
867
888
341
128
300
598
937
697
366
554
818
510
409
122
473
287
314
709
119
570
851
632
838
995
916
532
641
359
248
313
154
114
200
847
594
851
444
530
548
161
83
717
670
843
191
494
482
504
555
600
73
757
583
262
751
850
794
743
209
393
56
362
859
607
560
452
810
3
333
357
515
416
425
184
610
615
30
91
470
936
42
543
692
976
156
794
826
301
536
34
694
943
747
552
902
307
3
711
661
687
67
176
102
843
711
64
458
92
154
279
27
196
821
70
171
329
863
996
629
751
381
674
45
480
225
946
786
579
656
798
266
74
973
719
917
36
134
726
479
288
4
506
835
177
927
357
505
142
705
485
244
437
159
288
916
735
234
701
666
889
851
283
315
175
353
231
210
487
308
689
126
311
546
960
487
472
668
343
965
372
828
208
809
338
496
724
72
729
777
737
969
627
19
635
153
724
865
363
210
172
403
335
835
300
646
321
771
313
16
736
685
843
295
845
180
790
568
603
870
696
692
191
674
62
825
827
785
42
541
994
213
943
680
47
242
325
720
364
638
87
451
322
929
746
166
460
887
85
414
757
133
105
299
806
167
123
984
303
164
524
297
729
818
328
127
411
653
198
127
290
284
577
963
564
674
480
375
913
564
789
21
48
245
319
206
763
441
189
66
957
65
714
685
234
41
163
645
693
361
771
334
644
699
296
208
725
775
582
637
691
370
657
738
967
975
943
729
767
484
794
75
548
507
759
133
548
274
777
592
634
899
926
277
950
221
484
26
348
418
662
38
139
670
127
105
996
70
834
114
905
979
189
804
486
299
936
385
572
65
328
205
963
253
834
264
826
669
289
173
86
302
562
577
323
688
681
670
109
866
784
365
845
324
168
682
974
104
418
546
520
745
102
482
350
287
98
175
956
386
699
393
40
260
969
362
299
2
32
760
219
167
124
63
490
292
96
463
747
513
360
266
258
814
99
607
100
196
133
407
934
831
152
325
442
120
38
92
473
421
851
692
587
975
106
428
618
202
243
364
714
954
629
323
767
79
929
219
275
413
977
560
595
128
884
388
600
921
480
72
342
330
763
280
656
869
708
273
70
302
636
135
255
616
458
374
695
738
944
321
151
920
880
97
48
115
485
647
35
964
70
728
645
833
8
653
53
67
925
474
368
913
608
974
880
417
347
574
155
290
246
657
562
477
753
609
591
237
607
978
552
676
705
197
860
64
849
912
482
125
385
849
389
345
823
269
761
521
194
267
163
440
923
724
916
676
684
859
264
290
836
816
317
892
12
177
956
212
440
789
688
825
638
77
521
812
345
633
332
538
900
846
329
822
569
597
849
252
455
113
541
290
928
858
533
291
386
840
854
825
629
541
1
618
969
521
429
313
506
112
203
405
958
883
578
526
479
427
130
285
539
670
926
818
879
459
460
616
298
313
441
278
205
793
895
174
314
323
838
171
787
392
575
744
275
152
621
105
578
750
390
468
772
315
637
2
773
96
618
423
760
410
700
317
202
595
842
867
917
679
37
55
423
963
798
697
115
771
801
44
872
190
512
643
857
500
997
629
948
966
51
59
727
103
375
928
697
216
147
965
247
535
20
669
498
169
717
612
939
517
655
811
59
518
805
267
370
153
895
317
118
298
375
844
400
102
124
448
669
270
412
915
804
783
935
301
952
651
264
890
520
271
52
930
788
209
196
509
361
442
825
831
91
552
674
490
653
149
289
321
770
701
588
574
835
874
226
786
877
842
28
396
112
79
677
251
639
872
760
1000
665
584
830
756
487
855
597
491
356
886
164
125
938
751
50
772
976
276
558
852
117
937
247
580
367
275
830
6
498
589
5
163
525
186
918
11
392
514
502
747
399
665
872
688
767
273
460
742
900
369
946
16
305
544
947
671
819
777
676
316
365
32
478
241
569
747
252
961
261
105
59
11
121
282
699
239
555
510
980
454
230
925
822
886
821
768
556
639
544
584
954
261
967
784
501
536
530
104
848
142
560
906
153
680
540
203
918
94
64
250
899
293
526
720
178
346
488
85
336
383
20
290
995
987
425
848
874
306
303
721
448
863
978
952
894
869
154
812
962
569
413
861
861
290
932
390
988
771
474
323
506
494
964
500
832
388
347
705
694
650
777
141
864
106
444
757
975
597
920
936
165
684
148
377
974
432
766
961
202
591
283
707
436
247
559
267
986
257
971
31
258
99
523
121
205
966
230
179
562
149
114
78
185
614
806
158
45
571
470
598
514
104
305
949
350
863
216
688
119
538
718
729
637
241
849
841
206
78
19
120
579
484
549
763
449
355
272
493
277
741
91
790
844
747
91
546
961
306
233
431
195
302
159
831
894
8
671
452
437
41
571
367
525
471
129
325
177
400
818
454
492
260
595
336
6
685
881
318
342
465
748
537
118
907
719
12
266
742
463
702
782
385
69
658
207
549
983
384
301
152
189
792
411
783
479
768
820
711
85
513
175
184
49
645
90
768
656
355
509
470
409
642
206
829
300
412
729
634
795
29
785
335
173
547
118
651
666
289
362
102
801
888
285
202
532
375
321
187
81
829
8
841
822
213
21
121
625
750
106
771
130
890
106
302
788
575
953
453
215
314
554
15
553
839
568
85
565
888
271
997
68
631
838
890
843
858
362
819
959
468
590
89
709
47
390
497
973
694
301
187
359
855
553
912
45
473
996
609
360
618
605
428
248
442
669
91
652
30
909
610
849
850
698
558
248
440
406
572
133
706
758
492
912
663
403
956
135
750
564
846
367
521
625
615
314
293
57
965
675
317
927
875
519
624
784
766
415
189
690
548
247
447
391
158
461
145
466
947
894
381
145
612
901
769
226
215
414
634
531
88
951
457
962
821
433
98
938
199
286
627
746
884
426
488
394
238
632
859
185
877
591
329
489
492
449
66
58
862
52
588
301
354
397
615
174
181
712
111
379
349
90
477
233
515
964
978
752
948
188
288
176
778
968
664
269
417
82
678
278
133
618
579
838
14
193
11
546
904
473
924
252
914
400
836
428
716
813
532
15
352
171
190
130
139
206
750
555
287
428
184
771
45
114
608
410
306
970
955
561
794
878
165
708
630
352
487
345
517
370
711
868
541
900
997
31
105
747
585
743
174
120
865
570
234
824
979
891
793
933
452
939
810
968
646
791
319
484
487
835
854
197
703
394
97
51
424
553
797
360
296
322
831
512
891
64
336
869
955
480
801
758
418
963
725
415
105
395
899
592
230
752
140
284
145
588
334
920
141
483
631
788
804
461
299
47
877
986
915
183
466
68
940
883
382
16
298
838
762
196
781
991
299
921
626
795
860
960
714
1000
442
696
139
597
156
790
643
32
775
910
566
240
977
505
475
710
872
124
547
634
671
680
976
969
600
602
763
459
913
828
811
354
523
301
302
30
90
945
414
217
854
979
808
182
484
282
243
707
405
141
340
75
820
668
395
419
269
157
230
181
984
392
886
858
692
187
888
782
483
301
350
336
279
157
869
114
439
111
821
195
252
512
622
423
179
16
194
799
173
423
331
508
814
216
366
857
755
253
990
237
553
339
573
183
496
793
649
934
256
821
128
859
332
101
281
863
117
474
13
289
248
344
796
413
911
513
270
665
765
259
902
669
598
826
204
93
618
852
378
873
672
857
731
355
958
364
569
74
837
582
714
85
277
861
849
187
374
118
852
490
377
105
159
326
930
362
770
899
213
147
124
236
355
206
590
312
569
159
737
406
92
450
842
368
311
690
906
36
160
109
525
888
213
683
213
142
396
334
41
960
832
164
547
186
369
137
498
290
647
586
47
90
36
888
809
698
929
714
85
440
823
609
327
387
644
891
529
39
576
921
351
407
436
897
593
156
385
442
445
31
27
491
472
414
730
280
463
11
346
547
802
520
156
129
906
799
371
786
189
947
706
891
353
493
788
297
649
524
738
445
555
117
288
378
530
369
658
993
731
355
539
533
874
46
13
779
196
383
917
385
681
622
275
386
467
414
682
467
938
420
911
844
888
550
573
417
271
230
761
1
936
652
885
809
697
897
940
893
632
856
629
312
829
255
697
295
21
731
761
958
150
24
153
37
573
725
805
843
307
918
196
242
569
80
403
617
329
694
861
960
901
489
623
729
96
672
376
116
402
136
425
903
511
929
291
436
653
447
630
311
364
825
553
284
257
307
901
585
1000
761
896
252
602
870
980
697
893
707
164
294
195
588
548
705
516
838
140
520
285
122
831
1000
946
735
284
554
393
184
490
392
296
737
643
897
607
974
945
499
681
460
145
227
47
692
931
914
882
423
786
518
544
616
517
841
702
800
395
94
335
236
837
631
973
831
879
579
804
176
429
836
635
573
62
34
617
345
299
498
767
84
15
662
51
883
502
752
683
248
845
369
484
681
999
808
511
230
738
667
757
166
854
391
91
268
776
59
612
75
556
730
158
922
391
561
804
244
312
486
844
157
855
679
189
205
486
52
786
223
718
542
740
923
285
182
190
60
240
153
134
795
882
644
716
624
204
872
868
867
357
711
23
563
389
564
120
226
615
257
448
684
799
539
606
435
721
148
494
312
300
980
107
534
975
174
157
178
45
376
396
754
438
419
668
178
334
139
403
300
396
202
983
546
93
940
980
165
87
825
476
739
804
934
272
130
108
780
307
504
508
55
609
945
473
277
475
158
767
229
457
162
783
439
59
875
730
38
39
169
215
866
907
370
800
530
500
259
661
158
114
168
212
723
465
36
351
291
193
117
519
649
279
301
439
689
527
521
79
917
689
293
783
947
662
934
476
161
192
488
319
305
656
530
27
472
566
729
762
758
846
280
759
476
933
549
164
459
69
242
728
757
534
510
703
548
443
530
708
986
18
26
642
25
908
21
496
825
749
257
582
594
888
692
69
820
593
585
631
661
826
358
770
712
867
824
259
661
354
966
998
723
344
639
747
251
659
594
75
408
850
8
353
89
52
774
909
644
358
539
656
183
896
425
894
114
601
152
126
954
470
123
28
813
761
126
415
772
719
841
531
920
200
883
8
251
656
268
246
13
806
902
548
53
678
441
166
278
945
643
583
414
765
610
226
878
87
992
649
157
832
531
76
31
413
436
634
421
703
879
433
861
132
980
913
810
773
431
439
717
73
22
130
190
983
707
67
70
698
67
226
529
597
654
911
361
441
544
781
143
423
566
355
554
545
268
715
669
50
154
385
474
527
866
663
509
572
81
930
621
147
508
149
95
161
60
456
601
603
588
95
377
153
450
283
50
69
349
718
470
502
455
943
380
320
958
889
244
38
818
864
537
325
365
631
837
776
438
789
730
378
884
107
530
685
741
579
105
89
649
574
943
455
516
322
774
825
562
369
863
380
585
399
56
949
381
893
724
819
681
453
548
916
911
77
600
3
8
704
92
8
277
386
462
145
59
235
969
621
956
183
1000
540
581
407
488
314
299
563
484
332
367
31
247
630
107
199
632
466
902
75
473
531
812
934
27
871
521
995
491
476
530
842
15
110
248
854
423
899
768
258
582
134
288
828
115
395
26
99
212
280
173
685
810
337
618
836
207
138
182
697
613
711
890
979
173
489
184
947
387
951
205
968
437
492
148
551
238
525
649
450
804
174
134
965
510
103
800
716
241
334
764
205
396
653
536
568
493
719
515
880
670
71
199
106
914
698
656
152
223
657
953
378
830
438
343
339
892
494
406
484
827
169
689
223
173
576
142
665
294
656
896
963
78
447
420
992
144
428
495
366
84
799
744
913
588
86
603
479
931
8
963
758
176
651
332
700
578
473
716
871
481
612
186
558
58
605
901
553
32
395
919
115
193
14
379
780
451
981
611
381
988
573
490
515
575
821
566
152
294
282
22
126
245
207
683
654
164
584
206
195
330
476
662
875
489
40
6
291
21
616
24
360
188
513
227
762
686
792
265
979
73
287
104
669
845
138
322
8
73
528
203
403
3
216
277
844
255
282
486
627
250
509
339
437
22
565
551
707
356
815
37
781
453
492
449
298
981
123
657
54
650
211
456
4
426
84
199
681
365
685
659
614
193
997
403
566
561
953
624
269
119
12
401
572
855
201
221
836
323
877
889
324
88
696
328
513
779
526
545
143
210
204
109
755
552
863
320
465
815
296
733
285
307
485
208
162
685
428
349
360
305
237
683
744
932
10
608
710
888
153
204
97
708
664
851
611
526
523
75
692
170
807
977
476
643
536
989
680
964
337
39
620
925
73
363
208
83
322
917
970
474
473
418
533
488
621
144
14
495
218
57
664
377
385
139
371
921
480
50
884
168
88
503
93
513
217
300
595
538
569
916
364
393
685
248
880
305
391
893
151
961
302
814
689
686
305
59
606
784
109
489
951
548
343
43
60
911
695
6
449
263
273
164
7
958
411
886
614
154
131
765
114
432
578
802
117
882
860
723
17
320
563
968
868
258
362
927
168
408
285
968
670
557
131
676
866
894
914
480
47
44
596
160
475
173
313
943
407
524
17
423
844
932
742
711
189
456
989
708
863
273
28
885
182
510
560
47
403
825
526
801
868
473
312
694
646
624
637
404
148
5
178
991
936
272
53
476
727
41
184
589
314
563
473
495
72
385
893
827
209
419
627
429
891
939
122
888
914
110
643
61
115
821
403
50
92
455
526
170
496
61
758
161
975
231
7
398
967
899
224
175
669
203
603
912
493
77
799
406
186
794
819
300
966
573
702
409
28
227
578
875
639
335
387
613
917
393
10
235
643
586
410
312
788
364
223
632
440
373
37
978
518
207
277
483
780
978
891
807
556
468
33
546
155
419
510
423
163
520
658
805
457
419
468
596
782
42
227
574
415
263
551
284
822
179
767
601
509
657
759
64
477
791
610
631
561
119
53
723
990
62
879
446
480
347
393
262
388
619
187
154
234
89
438
55
619
556
7
127
212
765
191
40
907
152
22
819
622
75
893
612
136
771
409
616
469
802
229
857
772
767
362
5
207
151
59
825
706
417
952
270
181
494
309
439
645
331
257
618
757
149
229
244
920
990
211
740
143
791
948
914
557
310
919
763
460
329
940
518
746
891
787
278
736
95
717
732
777
973
349
533
474
930
777
745
919
339
484
61
130
432
974
686
93
244
801
904
925
740
421
670
982
559
299
69
6
15
800
782
340
148
667
813
429
795
909
347
133
392
759
262
823
85
300
267
328
100
171
252
191
591
273
524
150
572
592
155
938
391
288
277
890
954
441
319
748
349
17
233
93
776
494
267
212
793
534
539
244
704
143
786
646
767
309
147
690
252
653
980
994
941
608
236
246
49
906
346
749
922
578
841
49
423
108
260
568
993
151
163
696
645
949
693
763
609
840
453
213
844
432
206
136
39
793
734
439
698
79
540
620
8
380
20
430
839
632
349
183
782
512
230
778
812
923
540
772
114
344
984
957
775
542
445
166
334
178
956
32
256
495
3
615
227
374
396
417
5
745
600
138
608
829
915
419
751
455
542
216
798
878
525
925
419
969
442
104
498
397
487
105
244
489
719
470
215
114
886
219
210
837
709
817
666
623
587
768
77
481
984
227
358
860
151
776
828
592
879
325
340
366
429
583
206
499
404
772
612
290
343
174
478
51
990
143
673
929
263
102
409
598
328
766
457
830
893
284
773
771
960
112
488
740
695
46
238
450
817
201
739
159
374
569
209
716
63
234
644
325
335
404
922
14
521
378
843
413
13
967
535
324
78
375
63
124
420
652
574
236
853
664
747
226
232
307
293
295
540
288
971
226
691
893
591
563
622
785
975
635
751
510
958
181
236
373
304
655
24
229
242
876
893
988
454
476
647
746
122
538
34
93
764
76
337
706
639
958
491
965
944
593
826
254
773
61
626
429
715
1
657
309
229
549
296
34
377
294
779
498
832
164
942
947
592
278
652
582
236
494
546
531
87
372
784
859
784
761
639
851
762
296
159
990
196
806
23
572
100
153
422
931
669
363
877
612
641
880
193
228
726
90
758
812
813
542
22
597
654
661
447
415
956
605
756
151
410
130
75
861
635
496
791
655
858
19
266
850
251
810
77
976
899
835
139
64
728
160
660
381
172
458
148
479
414
903
982
823
385
56
36
371
903
826
25
760
197
290
610
799
451
38
774
349
224
264
412
951
423
423
684
947
880
831
425
293
85
758
468
821
813
503
191
67
680
215
827
228
856
788
26
306
825
151
7
401
414
770
351
189
545
386
135
776
568
911
69
5
669
888
825
833
742
368
900
421
934
78
1
790
217
26
447
41
177
805
793
942
927
144
130
471
881
616
246
801
879
666
805
899
905
981
83
646
348
334
419
634
411
419
775
627
444
573
20
972
378
812
914
656
307
395
478
540
363
75
340
241
741
144
139
997
476
573
643
176
907
61
809
669
479
583
296
274
155
667
246
884
830
511
891
489
257
368
28
619
443
719
211
535
214
701
531
689
274
525
864
180
585
24
848
415
606
495
689
113
513
286
348
695
148
239
183
404
606
562
375
400
280
937
286
493
638
169
533
911
693
397
442
630
420
289
396
378
136
84
842
648
721
189
694
220
427
228
624
385
789
350
136
420
286
422
264
275
590
797
185
282
545
978
263
316
619
659
693
754
94
534
753
815
723
447
34
501
674
9
237
815
710
373
586
348
794
850
622
383
998
159
16
542
136
279
209
754
937
902
859
30
787
612
196
861
410
230
362
435
590
950
601
300
322
187
999
115
36
620
849
385
778
865
278
914
495
486
19
431
739
878
812
526
841
8
738
250
589
99
36
530
401
637
181
722
823
179
189
210
799
37
594
928
253
223
193
747
708
212
529
447
441
693
324
281
52
61
882
992
512
917
521
912
553
54
633
727
232
173
936
382
210
881
310
462
103
854
561
163
417
441
961
857
133
284
489
184
696
370
175
207
639
48
470
543
101
455
270
684
627
557
418
188
438
79
2
892
932
562
406
349
2
366
557
487
1
46
22
697
767
549
255
405
596
77
948
48
531
569
83
509
125
500
697
914
578
698
158
510
611
563
210
612
281
766
450
281
163
472
329
930
20
936
334
967
12
633
14
894
201
96
402
678
948
450
943
525
147
100
386
757
15
595
721
295
713
170
575
875
993
256
804
12
191
490
978
554
474
343
799
27
791
200
704
738
2
998
262
500
98
648
257
112
594
329
758
306
850
332
181
843
939
336
854
129
177
184
34
651
526
832
677
316
384
732
405
385
729
667
884
178
666
492
289
611
172
398
917
22
730
449
216
20
136
421
501
313
604
534
963
130
366
991
797
749
74
202
485
802
220
720
332
237
212
620
847
735
370
115
756
99
915
323
470
51
744
970
363
347
504
677
828
221
19
625
969
92
826
805
245
397
524
576
633
87
548
479
822
917
946
577
367
860
252
836
910
995
806
624
341
661
300
169
881
670
793
201
761
970
5
358
366
528
933
350
615
832
828
436
748
125
364
466
985
615
654
894
609
459
518
302
119
169
822
351
839
614
551
951
935
555
308
652
82
593
1
48
776
180
835
524
305
551
341
289
517
994
534
478
804
403
779
922
924
600
624
762
565
174
64
851
728
724
502
162
316
854
561
443
33
396
966
689
298
659
329
814
652
863
291
456
617
421
729
540
372
353
653
936
526
717
138
606
792
991
767
459
844
679
901
229
74
867
917
723
877
246
537
880
460
179
335
76
600
416
968
971
120
620
259
997
688
748
602
479
739
720
937
582
751
838
810
176
56
79
899
932
324
435
811
135
965
498
210
564
265
177
887
384
149
497
380
836
244
334
315
982
405
603
916
155
440
77
331
495
155
229
778
478
15
941
612
979
438
174
895
702
702
133
437
850
629
168
38
224
501
704
558
258
306
473
412
98
549
94
944
704
674
722
533
688
14
497
19
451
670
913
504
723
397
940
925
25
107
962
600
960
17
157
569
322
981
980
771
882
426
715
937
99
788
469
139
801
317
509
603
986
773
106
61
169
397
985
545
855
946
144
166
962
653
734
635
985
66
406
866
491
472
802
941
259
623
79
411
291
587
13
277
359
470
689
879
866
673
423
72
618
919
238
931
571
971
565
555
36
322
773
878
793
926
819
403
900
249
813
191
188
177
819
898
646
507
777
863
179
551
935
148
469
524
78
39
494
994
946
882
668
70
759
460
995
929
215
895
178
379
437
717
556
255
614
553
113
742
416
291
293
702
438
761
225
867
152
70
212
97
951
879
518
62
339
512
990
905
758
519
283
546
235
190
800
849
743
912
590
510
554
882
563
343
995
139
209
146
208
421
594
511
299
111
924
989
974
913
893
732
432
528
277
18
717
429
866
811
692
808
320
246
41
882
940
35
372
501
532
932
921
125
442
571
235
717
912
209
981
156
292
412
683
920
430
752
700
647
562
392
454
234
989
847
115
928
881
839
428
413
770
700
889
211
623
476
279
534
684
259
41
327
23
724
598
804
827
298
450
388
41
256
621
29
102
88
308
334
926
88
98
695
139
987
257
113
462
887
646
497
145
687
175
167
762
772
970
940
421
420
327
461
27
300
841
480
739
501
813
16
940
263
62
78
249
670
191
62
556
188
910
700
226
84
867
339
207
836
278
628
607
957
440
985
608
281
464
346
781
277
713
720
539
774
149
139
443
691
552
998
231
813
697
456
896
915
795
454
751
424
433
709
380
873
694
987
153
157
684
285
785
396
356
675
169
856
165
963
547
716
960
777
528
9
584
775
923
378
581
25
154
13
734
533
885
779
872
389
287
555
673
72
303
28
98
471
884
263
786
782
330
745
910
858
753
493
984
28
223
564
52
376
577
137
908
813
267
779
202
554
686
226
977
988
606
74
810
489
336
595
622
666
692
531
875
796
23
210
823
245
774
875
972
702
363
880
866
630
10
67
183
47
645
159
34
250
584
844
90
272
790
711
937
481
593
163
277
615
372
99
212
497
325
183
550
40
414
416
669
776
834
203
822
478
361
856
727
296
51
816
567
192
878
503
673
470
17
301
437
389
751
1000
237
76
182
787
467
948
202
135
723
35
337
896
865
49
103
943
344
153
111
911
345
988
765
369
810
134
669
246
522
419
245
110
846
778
896
312
77
449
798
151
484
134
47
700
534
149
642
878
654
752
140
350
92
904
718
901
37
738
498
910
508
94
372
706
223
267
369
300
716
167
450
551
652
848
250
186
349
243
415
2
995
554
351
438
809
420
338
198
157
187
459
664
280
830
721
502
97
90
801
164
608
603
714
259
802
315
796
150
909
210
151
903
763
853
692
924
272
29
121
780
215
579
796
846
761
516
348
209
605
500
372
212
454
437
823
256
751
618
757
659
828
260
914
942
112
605
865
736
986
985
515
552
916
310
398
28
826
97
236
782
596
607
346
402
43
168
657
145
785
765
155
612
24
420
554
136
377
770
223
714
107
737
265
374
399
14
401
576
462
636
357
410
242
702
811
636
869
819
132
6
583
286
617
607
706
522
94
82
644
316
795
750
404
411
123
802
777
523
377
238
158
734
999
751
787
809
386
8
979
517
13
562
154
981
520
859
855
965
292
498
280
438
247
35
849
721
837
977
243
213
214
400
298
213
502
437
373
239
444
352
755
808
265
260
140
136
119
346
100
762
843
731
200
441
765
400
161
601
376
755
166
941
506
815
505
7
251
230
245
46
581
351
853
197
611
345
332
81
690
431
842
533
161
393
325
925
144
838
878
519
592
43
812
98
857
668
104
460
897
701
505
829
51
358
25
13
54
356
93
743
138
287
627
298
679
952
575
823
789
804
693
732
198
504
829
406
524
285
865
420
985
370
249
387
79
273
400
132
981
492
226
118
778
853
768
809
156
342
631
944
497
675
27
694
531
856
99
54
492
316
473
476
37
73
862
467
698
613
950
678
105
175
147
234
27
914
42
182
607
24
477
103
699
504
148
581
711
599
634
202
914
458
29
950
531
242
416
580
855
365
609
311
891
755
544
918
669
586
451
627
961
928
82
11
783
229
591
493
827
576
46
92
34
426
393
916
667
160
495
873
876
103
183
767
209
727
684
229
664
134
856
976
413
937
987
195
517
577
39
696
505
84
787
538
509
180
805
528
339
651
400
567
105
583
333
313
661
368
542
676
853
749
651
266
685
989
812
553
918
851
248
422
286
35
959
147
566
115
674
256
765
425
822
869
359
154
533
371
521
74
46
374
822
49
991
858
37
802
411
954
4
10
727
290
44
37
788
961
151
461
217
915
237
390
135
596
544
668
318
416
93
364
141
915
764
131
124
800
285
886
106
288
896
832
929
291
869
716
252
371
528
820
286
765
209
772
712
104
439
29
872
532
744
12
798
507
495
273
659
131
159
116
418
406
299
699
48
519
414
651
890
294
470
527
410
31
298
121
134
737
501
357
268
245
369
417
103
215
689
761
345
199
228
114
604
527
164
652
45
930
302
934
223
124
460
632
154
758
752
639
846
604
996
465
848
716
881
951
282
921
63
978
120
291
91
723
169
607
726
213
536
380
499
758
503
958
389
8
67
492
998
264
95
993
728
295
60
960
597
341
881
659
318
1000
301
761
74
469
367
152
34
254
531
532
11
385
841
751
392
908
242
741
171
688
734
251
334
145
210
930
486
90
941
155
441
241
267
515
62
985
18
95
238
548
626
248
284
466
350
27
725
591
767
248
631
852
498
964
997
707
246
834
149
186
988
589
778
607
455
839
591
472
285
829
19
910
428
654
728
778
680
804
720
799
51
350
650
548
666
646
607
911
479
755
448
819
695
225
425
150
64
15
621
700
195
992
610
623
645
689
752
677
492
471
475
543
173
124
442
190
770
400
100
600
154
547
418
849
123
194
998
538
209
970
238
755
961
847
729
958
887
480
634
378
303
108
272
475
583
714
664
352
113
115
304
619
13
73
819
135
267
168
673
827
137
910
581
450
108
310
407
994
141
40
723
443
499
347
917
81
60
932
785
524
398
88
494
410
160
664
897
778
831
569
604
320
830
537
769
289
846
175
634
338
566
356
781
64
702
49
496
113
333
280
989
730
367
834
140
879
498
36
656
328
956
612
647
137
148
767
425
345
293
58
682
858
413
814
273
467
863
769
931
195
48
919
924
767
753
415
997
602
802
4
929
109
615
928
245
114
46
669
458
339
78
140
548
491
953
821
309
167
589
239
713
988
510
989
106
614
403
102
215
557
458
495
17
424
422
262
538
820
282
995
158
360
486
705
202
791
877
510
309
817
100
22
805
609
10
262
222
764
716
788
672
173
283
689
596
704
302
485
875
583
832
32
294
317
89
847
459
965
708
120
782
808
141
938
768
502
551
342
265
266
129
937
438
411
977
386
467
278
870
341
212
701
373
858
370
813
704
180
129
412
299
262
571
791
199
338
292
750
679
909
367
160
197
805
570
173
190
36
450
411
377
13
112
101
870
833
265
926
12
393
337
311
655
259
101
205
596
745
306
627
653
673
786
849
829
707
21
370
743
822
780
471
186
243
923
408
75
187
333
87
579
669
749
585
279
201
790
874
945
447
852
597
119
637
797
947
344
169
316
438
990
448
908
528
690
830
935
765
368
267
851
946
287
599
531
565
799
672
790
96
118
642
44
589
630
841
535
325
9
203
762
351
650
21
230
339
202
164
103
569
430
305
867
68
903
749
632
54
772
421
501
889
414
544
477
44
736
364
720
97
566
482
447
567
854
676
905
408
191
360
328
972
664
194
39
919
294
22
324
65
794
824
954
208
367
782
603
455
145
322
551
62
155
349
628
9
24
533
768
566
244
95
537
907
289
575
825
582
596
148
999
389
971
304
948
690
85
550
144
582
872
694
643
26
42
623
386
417
507
153
334
750
248
870
656
888
444
833
821
391
980
819
779
303
122
727
992
559
628
487
140
499
532
134
877
925
756
614
693
614
767
26
363
366
895
371
253
690
203
73
80
534
244
210
836
717
288
179
275
916
665
414
766
548
900
994
472
7
608
164
621
374
541
335
91
435
57
343
476
259
767
555
793
362
117
980
79
756
159
353
23
175
119
141
75
18
134
546
376
741
62
996
466
954
683
556
389
739
250
216
350
369
123
494
82
239
473
160
346
983
865
369
510
983
509
584
352
994
481
727
735
894
75
552
848
109
460
588
847
709
803
196
429
925
41
511
515
514
22
861
848
886
581
357
220
441
292
571
434
773
650
520
666
724
72
513
184
531
100
30
591
903
578
20
827
618
882
342
483
903
554
683
789
134
39
8
574
331
931
359
455
580
879
120
655
950
985
838
832
436
219
422
338
796
793
517
766
674
210
248
577
763
930
365
248
321
724
173
3
654
531
457
585
409
928
239
710
264
76
541
700
295
963
389
442
755
905
207
781
466
807
357
580
88
73
827
408
796
999
762
802
882
570
386
290
498
625
1000
761
52
892
812
698
854
201
140
961
105
698
741
923
504
449
502
592
521
681
351
668
31
113
469
912
682
207
202
531
183
553
644
234
444
455
284
650
655
775
610
112
472
702
386
328
150
887
271
22
919
973
689
950
85
510
861
119
716
414
649
898
966
644
483
