00108
00151
00160
00245
00255
00294
00300
00337
00340
00357
00374
00378
00380
00397
00406
00439
00441
00495
00514
00516
00534
00536
00540
00572
00612
00615
00657
00679
00686
00696
00722
00748
00815
00821
00855
00900
00924
00967
00991
00993
00997
01118
01200
01210
01262
01316
01640
01644
01753
10001
10002
10004
10006
10009
10010
10013
10014
10015
10016
10017
10020
10028
10030
10034
10040
10060
10063
10064
10066
10070
10077
10078
10098
10100
10102
10104
10106
10110
10114
10115
10116
10125
10127
10137
10138
10140
10141
10142
10145
10146
10152
10160
10161
10167
10172
10174
10176
10180
10182
10192
10193
10194
10195
10196
10197
10200
10203
10205
10220
10223
10225
10227
10233
10236
10238
10252
10256
10263
10264
10266
10267
10283
10284
10286
10287
10289
10293
10295
10297
10298
10299
10301
10302
10305
10311
10315
10322
10325
10326
10327
10333
10334
10336
10338
10339
10341
10343
10344
10345
10347
10348
10350
10352
10360
10368
10371
10372
10382
10405
10406
10407
10408
10427
10432
10440
10450
10466
10489
10494
10497
10504
10508
10523
10527
10533
10535
10563
10579
10583
10596
10608
10611
10625
10666
10670
10673
10684
10700
10718
10730
10738
10763
10800
10815
10820
10858
10871
10881
10887
10901
10902
10910
10915
10916
10920
10924
10926
10930
10936
10938
10940
10959
11013
11039
11040
11043
11051
11056
11057
11067
11076
11078
11086
11093
11094
11096
11115
11121
11157
11235
11240
11241
11264
11286
11287
11308
11326
11335
11340
11344
11348
11350
11360
11369
11396
11403
11412
11417
11418
11462
11475
11480
11484
11489
11505
11507
11508
11515
11518
11519
11520
11536
11538
11550
11583
11586
11609
11614
11615
11616
11629
11683
11692
11703
11714
11729
11730
11742
11847
11849
11850
11879
11898
11953
11957
11960
11991
11995
11997
12160
12207
12218
12382
12406
12455
12545
12592
12694
12705
12797
12844
12869
12918
13194
13257